1 102 3 3 39 2 0
1 33 3 3 14 2 0
1 32 3 3 14 2 0
2 73 6 4 15 2 0
2 71 6 4 15 2 0
2 71 6 4 15 2 0
3 106 9 5 15 2 0
3 117 9 5 15 2 0
3 114 9 5 15 2 0
4 138 12 6 15 2 0
4 139 12 6 15 2 0
4 135 12 6 15 2 0
5 170 15 7 15 2 0
5 168 15 7 15 2 0
5 172 15 7 15 2 0
6 210 18 8 17 2 0
6 207 18 8 15 2 0
6 207 18 8 15 2 0
7 242 21 9 15 2 0
7 257 21 9 15 2 0
7 322 21 9 40 2 0
8 257 24 10 13 2 0
8 262 24 10 13 2 0
8 247 24 10 14 2 0
9 284 27 11 13 2 0
9 589 27 11 47 2 0
9 290 27 11 13 2 0
10 310 30 12 13 2 0
10 307 30 12 13 2 0
10 309 30 12 13 2 0
20 643 60 22 13 2 0
20 628 60 22 13 2 0
20 620 60 22 13 2 0
30 947 90 32 13 2 0
30 930 90 32 13 2 0
30 943 90 32 13 2 0
40 1267 120 42 14 2 0
40 1251 120 42 14 2 0
40 1256 120 42 13 2 0
50 1567 150 52 13 2 0
50 1606 150 52 13 2 0
50 1562 150 52 13 2 0
60 1881 180 62 13 2 0
60 1885 180 62 13 2 0
60 1994 180 62 14 2 0
70 2208 210 72 14 2 0
70 3608 210 72 14 2 0
70 2211 210 72 13 2 0
80 2531 240 82 13 2 0
80 3896 240 82 17 2 0
80 2535 240 82 13 2 0
90 2919 270 92 18 2 0
90 2845 270 92 14 2 0
90 3139 270 92 15 2 0
100 3155 300 102 13 2 0
100 3163 300 102 13 2 0
100 3142 300 102 14 2 0
200 7769 600 202 14 2 0
200 6344 600 202 14 2 0
200 6538 600 202 14 2 0
300 9830 900 302 14 2 0
300 9526 900 302 13 2 0
300 9515 900 302 14 2 0
400 12713 1200 402 14 2 0
400 12709 1200 402 13 2 0
400 12743 1200 402 13 2 0
500 16173 1500 502 14 2 0
500 16134 1500 502 14 2 0
500 16411 1500 502 14 2 0
600 22684 1800 602 17 2 0
600 20783 1800 602 14 2 0
600 22159 1800 602 17 2 0
700 25937 2100 702 18 2 0
700 25833 2100 702 14 2 0
700 22906 2100 702 14 2 0
800 25702 2400 802 13 2 0
800 26007 2400 802 14 2 0
800 25709 2400 802 14 2 0
900 29106 2700 902 13 2 0
900 29451 2700 902 14 2 0
900 29264 2700 902 14 2 0
1000 32793 3000 1002 14 2 0
1000 32379 3000 1002 13 2 0
1000 32501 3000 1002 14 2 0
2000 78901 7953 2010 22 3 0
2000 77344 7951 2006 20 3 0
2000 77621 7953 2010 20 3 0
3000 124342 12955 3014 21 3 0
3000 123582 12955 3014 21 3 0
3000 123675 12955 3014 21 3 0
4000 170659 17957 4018 21 3 0
4000 170527 17959 4022 21 3 0
4000 171004 17959 4022 21 3 0
5000 217464 22963 5030 21 3 0
5000 265005 22963 5030 21 3 0
5000 235901 22963 5030 21 3 0
6000 262576 27963 6030 28 3 0
6000 263551 27963 6030 22 3 0
6000 262985 27963 6030 21 3 0
7000 308983 32963 7030 21 3 0
7000 310365 32963 7030 21 3 0
7000 309194 32963 7030 21 3 0
8000 356572 37965 8034 21 3 0
8000 433336 37965 8034 25 3 0
8000 362155 37967 8038 21 3 0
9000 411483 42977 9058 23 3 0
9000 508820 42979 9062 22 3 0
9000 476222 42979 9062 32 3 0
10000 555204 47979 10062 27 3 0
10000 561301 47979 10062 22 3 0
10000 453998 47979 10062 21 3 0
20000 928606 98011 20126 24 3 0
20000 992572 98011 20126 25 3 0
20000 1031501 98011 20126 26 3 0
30000 1517736 148013 30130 35 3 0
30000 1561152 148013 30130 25 3 0
30000 1464158 148011 30126 24 3 0
40000 2224251 198075 40254 30 3 0
40000 2090828 198075 40254 27 3 0
40000 2039673 198075 40254 26 3 0
50000 2542835 248075 50254 24 3 0
50000 2527628 248075 50254 24 3 0
50000 2685205 248075 50254 30 3 0
60000 3168786 298105 60314 152 3 0
60000 3296186 298083 60270 23 3 0
60000 3017128 298077 60258 31 3 0
70000 4047423 348173 70450 32 3 0
70000 3660218 348173 70450 30 3 0
70000 3637043 348175 70454 23 3 0
80000 4374493 398203 80510 23 3 0
80000 4422312 398203 80510 37 3 0
80000 4178884 398203 80510 21 3 0
90000 4730445 448203 90510 28 3 0
90000 4975537 448203 90510 29 3 0
90000 4962039 448203 90510 31 3 0
100000 5663060 498203 100510 26 3 0
100000 5403762 498203 100510 26 3 0
100000 5630884 498203 100510 41 3 0
